%3a
p1=1/(1+(1/180)+(1/180)*(20/40)+(1/180)*(20/40)*(10/20)+(1/180)*(20/40)*(10/20)*(5/2));
p2=(1/180)/(1+(1/180)+(1/180)*(20/40)+(1/180)*(20/40)*(10/20)+(1/180)*(20/40)*(10/20)*(5/2));
p3=(1/180)*(20/40)/(1+(1/180)+(1/180)*(20/40)+(1/180)*(20/40)*(10/20)+(1/180)*(20/40)*(10/20)*(5/2));
p4=(1/180)*(20/40)*(10/20)/(1+(1/180)+(1/180)*(20/40)+(1/180)*(20/40)*(10/20)+(1/180)*(20/40)*(10/20)*(5/2));
p5=(1/180)*(20/40)*(10/20)*(5/2)/(1+(1/180)+(1/180)*(20/40)+(1/180)*(20/40)*(10/20)+(1/180)*(20/40)*(10/20)*(5/2));
%fprintf('p5=%.2e\n',p5)

%3b
%numa cadeia de markov, a probabilidade de um estado é 
%igual á percentagem de tempo passado nesse estado
%não estudes a teórica não...

%3c
c=((p1*10^-6)+(p2*10^-5)+(p3*10^-4)+(p4*10^-3)+(p5*10^-2))/(p1+p2+p3+p4+p5);
%fprintf('c=%.2e\n',c)

%3d
t1=(1/1)*60;
t2=(1/(20+180))*60;
t3=(1/(10+40))*60;
t4=(1/(5+20))*60;
t5=(1/2)*60;
%fprintf('t5=%.2e\n',t5)

%3e
pi=p4+p5;
%fprintf('pi%.2e\n',pi)

%3f
pf=((p4*10^-3)+(p5*10^-2))/(pi);
%fprintf('pf%.2e\n',pf)